======Chunk content:
{'aliases': ['PO', 'Purchase Order', '発注', '購買申請'], 
 'AMAZON_BEDROCK_METADATA': '{"source":"s3://bedrockregionresourcessta-uswest2documentbucketf49-1gyuufashilb/c774aa48-b021-7047-8c0d-ae094d346abb/01K32YX1Z7MZTCF7CKNFMYJ5N9/documents/QA-1023.md"}', 
 'synonyms': ['注文', '購買', '仕入れ'], 
 'x-amz-bedrock-kb-data-source-id': '5ALOPAP9IC', 
 'doc_type': 'main', 
 'qa_id': 'QA-1023', 
 'x-amz-bedrock-kb-source-uri': 
 's3://bedrockregionresourcessta-uswest2documentbucketf49-1gyuufashilb/c774aa48-b021-7047-8c0d-ae094d346abb/01K32YX1Z7MZTCF7CKNFMYJ5N9/documents/QA-1023.md', 
 'updated_at': '2025-07-01', 
 'entities': ['system:ERP_X'], 
 'bedrock-knowledge-base-default-vector': [-0.026862795, 0.05963793, -0.010007821, 0.011553666, 0.019938687, -0.017174974, -0.021900633, 0.0012882086, 0.024091214, -0.012620489, 0.008427246, -0.031755514, 0.023285622, 0.009186557, 0.021202419, 0.07077652, -0.03353752, -0.01417006, 0.010743154, 0.10728848, -0.017403485, 0.006743724, -0.027198596, 0.05515862, -0.0055136317, -0.04498417, 0.007962092, -0.018441025, 0.0047658794, -0.07539355, 0.016749548, -0.02034009, 0.043789208, -0.026332274, 0.010572299, 0.039289724, 0.019532543, -0.041831646, -0.02426853, -0.0033895208, -0.025005056, -0.055609323, -8.5858e-06, 0.0065028095, 0.06894671, 0.013094602, -0.01514282, 0.07856762, 0.0035229428, -0.022431947, 0.017985273, 0.0068873614, -0.015872834, 0.055854127, -0.03656306, 0.04374445, -0.02578966, -0.024003075, -0.032818824, -0.04021373, -0.013931947, 0.0037731617, -0.027097171, 0.027510561, -0.02911576, 0.011125758, -0.04647563, 0.013562432, -0.01602874, -0.06932306, -0.0033375118, 0.041453913, 0.029147087, 0.064605474, -0.01994029, 0.028899068, 0.023638517, 0.006754964, -0.0029706315, 0.018045679, -0.037435472, -0.0030059838, 0.027281994, -0.020366678, -0.025053326, -0.009100754, 0.0014437969, -0.040629387, -0.042513296, 0.065459356, 0.026901564, 0.070370235, 0.0008070375, -0.01006562, 0.10031377, -0.015274207, -0.03105391, -0.034543674, -0.030425042, 0.010479453, -0.0189889, -0.04240749, 0.012647422, -0.022107452, -0.012038673, -0.013510896, 0.08621714, -0.025042012, 0.022039872, 0.004515329, -0.0033856116, 0.03440315, -0.023895897, -0.030146996, -0.0050227344, -0.06605729, 0.02911236, 0.03761819, 0.02054131, -0.03178, -0.026336955, -0.08118057, 0.00039096497, 0.02163065, 0.015598697, -0.060116746, -0.024232384, 0.028167056, 0.0022933867, -0.0011796488, -0.0039825393, -0.033992022, 0.023320083, -0.01905789, -0.008525015, 0.028289448, 0.045589954, -0.036784578, -0.000653931, 0.0188227, -0.021055808, 0.014063871, -0.012172562, 0.021348253, -0.010024195, -0.002112563, -0.053682342, -0.010662235, -0.0037248821, -0.044869862, 0.015133263, -0.037721276, -0.054869603, 0.044380683, -0.00039207103, 0.023497274, -0.027049305, -0.0102975005, 0.05111468, -0.040327072, -0.016828787, 0.0015557026, -0.024565065, -0.029142499, 0.018894807, -0.04775369, -0.03747996, -0.024435654, -0.017053168, 0.002501136, -0.035352148, -0.022219634, -0.045472164, -0.012450004, -0.046531327, -0.033936776, 0.02509697, 0.029203996, 0.009775134, 0.022210812, 0.0018734878, 0.0019102228, -0.02779797, -0.0070349774, 0.011843081, 0.050999485, 0.014165767, -0.0075569274, 0.047963694, 0.04037516, 0.00028425772, -0.026450455, 0.026018983, 0.011650086, 0.014635123, -0.035798114, 0.022016091, -0.0033852349, -0.0478823, -0.010783654, -0.033309262, 0.00042395323, 0.063047335, 0.030986855, -0.0047429544, -0.029073162, -0.053806555, -0.0029940659, 0.03972341, 0.03037667, -0.021754233, -0.037024844, 0.08305767, -0.018288279, -0.042153098, 0.011342305, 0.0078866035, 0.008827833, -0.027491432, -0.032765515, 0.0048738862, 0.007011266, 0.029726442, -0.009917773, -0.015038228, 0.058398478, -0.030529056, -0.010123031, 0.049824953, 0.051784456, -0.011327173, -0.05158744, 0.0056908233, 0.0017485193, 0.025721483, 0.00987927, -0.015588618, -0.013003988, -0.0011569815, -0.0218657, -0.016248114, 0.08410102, 0.01996703, 0.0033932987, -0.027364954, 0.020150041, 0.045297366, -0.027394064, -0.032343328, -0.08983085, -0.07011977, 0.007430546, 0.036774766, 0.07769239, -0.0049640476, 0.0043400354, -0.029123722, 0.0067431587, -0.012259416, -0.075615205, 0.03717267, 0.087372676, 0.030931396, 0.030305134, -0.00381486, 0.021803118, 0.006457648, 0.011714211, 0.027933879, 0.008102161, -0.0018279112, 0.0054426775, 0.031214263, -0.008109447, -0.004260216, -0.009554291, -0.027849209, 0.00074685394, -0.040202945, 0.0068064653, 0.04131017, 0.051638536, 0.010737586, -0.0095567005, -0.00016413255, -0.028298158, -0.040315125, -0.000782953, -0.041681305, 0.100699954, -1.520834e-05, -0.04269354, 0.00780398, -0.0049683163, -0.0066367504, -0.04271467, -0.007059241, -0.04591658, -0.019682372, 0.010577912, 0.02721878, 0.025748607, -0.008165579, -0.01053407, 0.0078041735, 0.009862194, 0.02362342, -0.029581092, 0.006386508, -0.008679014, 0.052093823, -0.03054916, 0.019094715, -0.021401385, -0.026380552, 0.020186985, 0.034032803, 0.05431468, 0.058503017, 0.058695346, 0.006507179, 0.003575315, -0.06887376, 0.0055569755, 0.00011060611, 0.03998339, 0.010548035, -0.0013740045, 0.024954397, 0.006580165, 0.0023436467, 0.042836007, -0.017138915, 0.0063199988, -0.029709686, -0.0073172026, -0.030767193, 0.031171776, 0.029683417, -0.012014616, -0.042530928, -0.0018970331, 0.017718311, 0.039234754, 0.0058023687, 0.022737283, 0.028087124, 0.010754786, 0.045240454, 0.002571136, -0.0029620905, 0.053113222, -0.0097339675, 0.023574814, -0.021637289, -0.012846391, -0.022398274, -0.011975627, 0.0023673028, -0.017749047, -0.00039142123, -0.019452048, -0.021792749, -0.028432934, -0.011404154, 0.013588402, -0.022331348, -0.009989447, -0.014328414, -0.07904046, 0.023776693, 0.047838263, -0.012959919, -0.0042872, 0.0022776055, 0.0039448193, -0.05347944, 0.011722645, -0.022338636, -0.005389974, 0.02206406, 0.032609496, 0.05545229, 0.049520984, 0.022705004, -0.023755938, 0.0024679094, -0.022246594, 0.0078064133, 0.014267082, -0.025582504, -0.0015467159, 0.037831824, -0.016709931, -0.009100896, 0.052285936, -0.006720493, 0.04962686, 0.017120333, 0.068496905, -0.059993915, 0.03219606, -0.008338706, -0.022973204, 0.015995152, -0.033485033, 0.027646413, -0.008634577, 0.063761555, 0.06384949, 0.025481049, 0.069569714, 0.014880117, 0.07452396, -0.017773546, -0.021563131, -0.0036538728, -0.029520053, -0.058886252, 0.013939439, -0.069331124, 0.016610993, 0.03157827, -0.022744598, -0.0010126957, 0.022550458, -0.03471163, 0.0068516065, -0.02296185, 0.022811018, 0.005538207, -0.015156798, 0.063986965, 0.026283331, 0.030893281, -0.041134525, 0.018464005, 0.0012232899, 0.030520873, 0.010992368, -0.014629766, 0.013132842, -0.016849848, -0.000840164, 0.027936498, 0.024402902, -0.006423934, -0.01979219, -0.011788344, -0.041990392, -0.0115389535, 0.018434776, 0.05316834, -0.0030921875, 0.004201816, 0.026689116, 0.050954193, -0.008917756, 0.04702485, 0.0027769876, -0.043924455, 0.01625227, -0.027509732, -0.0018419236, 0.02811241, 0.020190815, 0.018269587, 0.0070794406, 0.01451833, -0.027854765, -0.0077960445, 0.0017453645, -0.0155312475, -0.0045006042, -0.048425846, 0.059732523, 0.030020267, -0.006878124, 0.004202099, 0.007180369, -0.021236263, 0.00409945, -0.06240447, -0.035892736, 0.009408046, -0.021444036, -0.017255774, -0.010773783, -0.0238842, -0.035766147, 0.0049711363, 0.038952984, 0.029654343, 0.012774622, 0.017918965, -0.008922761, 0.103408314, 0.04991964, 0.011917497, 0.0032013282, -0.009855558, 0.0013638921, 0.013078218, -0.024687892, -0.02031486, 0.009725997, 0.045306984, -0.002499643, 0.017042993, -0.021086836, 0.007911214, 0.010148996, 0.0086694835, 0.022026155, 0.001380226, -0.010130414, -0.018777268, -0.02000434, 0.018032061, -0.021006977, 0.03346814, 0.018818192, -0.013579167, -0.0019168039, -0.011314203, 7.4728254e-05, 0.01518662, 0.0277915, -0.0052432828, 0.07191521, 0.0077552306, -0.014018233, -0.0009775092, 0.010780004, 0.039281983, -0.040130664, -0.04961318, 0.025302794, -0.017653318, -0.014041446, 0.027777523, 0.0034193324, 0.013154329, 0.017036272, 0.06451389, 0.0048873937, -0.074917175, 0.035417918, 0.035871197, 0.043619957, 0.023966022, 0.03250955, -0.0058957483, 0.0074210893, -0.021151649, 0.029078789, -0.01165354, -0.011615191, -0.0075442214, -0.038771424, -0.023302276, 0.009551612, 0.04870662, 0.06655104, 0.00940687, -0.010250649, 0.016745027, -0.018870842, -0.026883092, 0.0055728336, -0.008043609, -0.012337061, 0.013074389, 0.008318662, -0.060850672, -0.052242007, -0.03839525, 0.019081587, 0.0064453497, -0.024244327, -0.0046489686, -0.010782603, -0.017540617, -0.09616787, 0.0029779037, -0.023017436, 0.015545204, -0.009732282, 0.013024658, 0.03791351, -0.003118318, 0.029091371, 0.011527422, -0.035041716, 0.006418839, -0.029400542, -0.068374604, -0.034288906, 0.016372057, 0.002947812, 0.01883813, -0.029169584, 0.03331795, -0.005945742, 0.043833647, -0.0099381255, -0.0014102348, 0.0018436242, -0.014839304, -0.06392663, -0.0007267375, 0.003932988, -0.009965182, 0.045139458, 0.02951314, 0.019907387, 0.0020601547, 0.041041948, 0.016484983, -0.007855316, 0.004573535, 0.01546583, 0.06184784, -0.0010956365, 0.004260499, 0.024324164, 0.035916816, 0.05019228, -0.027273545, 0.005339904, -0.04729716, -0.021768942, 0.01631374, -0.025443334, 0.02113476, -0.0072991876, 0.012628895, -0.013427644, 0.016721971, 0.0032090151, -0.028709697, 0.038747698, -0.006447341, 0.020035634, 0.0008921489, -3.871214e-07, 0.009690672, -0.03649402, 0.025965504, -0.04709467, -0.024982665, -0.069641665, 0.006214456, 0.028476056, -0.03049076, 0.0402416, -0.0006700242, -0.006946534, 0.032222148, 0.051225092, -0.060925607, 0.041211996, 0.03537543, 0.002909556, 0.035696495, 0.033911947, -0.013262793, -0.014207024, -0.03560758, -0.0069531705, 0.007024428, -0.017527392, 0.02263366, -0.036132086, 0.008112543, -0.011610345, -0.03414675, -0.013027907, 0.004952942, 0.0019296618, 0.043039605, -0.0016511695, 0.004585674, -0.02299877, -0.012956677, -0.02809996, 0.028211776, -0.030257795, 0.04082939, 0.006424777, -0.026580349, 0.00918628, -0.031219572, 0.03787894, -0.043084897, -0.025335658, 0.03957946, -0.0046416684, -0.014169104, -0.00033314564, -0.041373108, 0.016167296, -0.003766788, -0.0029874435, 0.023370175, -0.01979761, -0.03731892, 0.02479894, -0.032841515, 0.005303432, -0.046189584, 0.010722907, -0.021157732, 0.031299375, 0.0040870616, 0.017082838, -0.010870459, 0.013273673, 0.009471955, 0.07501876, -0.00015471506, 0.020443495, 0.054481696, -0.008397493, -0.028719388, -0.06488174, 0.025941364, -0.04009217, 0.057604868, -0.022020862, -0.013801541, -0.005776377, -0.013598918, 0.056916248, -0.00756897, -0.0067401347, -0.016609319, -0.037995856, -0.0048770662, -0.02260822, -0.008031888, 0.007369478, 0.017097935, -0.009145294, -0.0044167787, -0.02166507, 0.07968727, 0.03785992, 0.018519888, 0.036150616, -0.02039312, 0.0035721487, -0.001297935, -0.042679552, 0.008886309, -0.037776608, 0.05998822, 0.015181362, -0.028380962, -0.032856707, -0.030103197, -0.009982312, -0.0309265, -0.04400839, 0.016066575, 0.032705013, -0.037598267, 0.0035499446, 0.0035267312, 0.014656782, -0.027906615, 0.0099593615, 0.02599133, -0.01154797, -0.03896001, 0.01798177, -0.010531513, 0.044908646, 0.05303298, -0.0109489, -0.006121108, 0.012406771, -0.008656394, 0.008028649, 0.023750726, 0.026354022, -0.010447129, -0.030947091, 0.025577221, -0.033895798, -0.066070236, -0.042743236, 0.0072650523, 0.019196024, 0.04092797, 0.01911835, -0.018450813, 0.11599905, 0.013072426, -0.0024664057, -0.018832285, -0.07722198, -0.009405598, 0.038911257, 0.016700804, -0.019384399, 0.059398994, 0.05177566, 0.001643268, 0.018725108, 0.035336275, -0.023453278, 0.011644944, -0.023838202, -0.001111951, 0.01574398, -0.006149382, 0.0096324105, -0.041458324, 0.0005835026, 0.022591546, -0.008221173, 0.0012125904, 0.00062254653, 0.08566809, -0.022663524, -0.03310604, -0.009282245, -0.04511297, -0.03630871, -0.023768755, -0.01396221, -0.028749779, -0.061119832, -0.00089925533, 0.0070452914, -0.049766626, -0.049797583, -0.07141085, -0.024673637, 0.009033617, 0.0104285255, -0.019013496, -0.029298669, -0.014918317, 0.031508695, -0.016112726, -0.029026695, -0.029846175, -0.045957394, 0.030792218, 0.045515303, 0.0003428893, 0.044075098, 0.084117614, 0.007347426, -0.0031974982, -0.073256694, 0.01810916, -0.048729073, 0.0024911193, 0.018348781, -0.0054636654, 0.007513138, 0.014181501, 0.03419764, 0.01999988, -0.02141376, -0.011145902, 0.079647906, -0.00862906, -0.024107378, 0.027231224, -0.051702853, 0.014488205, -0.015150161, 0.028100533, 0.040883783, -0.044165354, 0.0016740632, 0.104725845, -0.054031085, 0.027413573, -0.027189761, -0.058271006, -0.012494604, -0.015982585, -0.035264604, -0.002936869, -0.019120272, -0.00013998932, 0.064474076, 0.038741477, 0.038435902, 0.025901848, -0.003067246, -0.008234764, 0.01364332, 0.033076927, -0.019729408, -0.042210612, 0.04036642, 0.034024652, 0.053539775, 0.0070011737, 0.0063632904, 0.01657228, 0.0048116427, -0.0064904494, -0.02367087, -0.032820858, -0.045685854, 0.07635737, 0.003036608, -0.0041580712, -0.007001678, 0.008132011, 0.059066925, 0.034123316, -0.009271115, -0.006711876, 0.0058671017, 0.029294167, -0.04011424, 0.016874291, -0.0071815858, -0.033612646, -0.01770273, -0.015140954, -0.005119929, -0.005120344, 0.022755785, 0.002864083, -0.0019286111, 0.030017918, -0.019186899, -0.060051817, -0.010924808, 0.03370221, 0.023954269, 0.032760683, 0.021512656, -0.013917732, -0.0068114907, -0.03496623, -0.01814825, 0.026016604, -0.019999065, 0.029347174, 0.03389671, -0.041825037, -0.037353575, -0.000792161, 0.03469313, -0.0327685, -0.0017277106, 0.022337303, 0.031945564, 0.014528003, 0.019897984, -0.01478953, -0.011412829, -0.052543875, -0.0011934676, -0.016743457, 0.0068473476, 0.011764497, -0.0383102, -0.0068301074, -0.028992504, 0.005032817, 0.045987062, -0.023238925, -0.022267058, 0.0054503237, -0.05477613, -0.043943364, -0.0054803393, -0.04226807, -0.051291153, -0.0027449948, 0.026446309, 0.032735214, 0.03562167, -0.0059698406, -0.00919128, -0.047370054, 0.009395215, -0.0128310565, -0.040560767, -0.021302655, -0.0060788565, -0.023022301, 0.036421265, 0.029234592, 0.021589711, -0.033283815, -0.03269022, 0.016070206, 0.03420599, -0.03141026, -0.030505477, 0.019481966, -0.05736409, -0.0049008187, 0.01772702, -0.0061974265, -0.037373587, -0.021744445, 0.026838062, 0.0025876854, 0.02208395, 0.019226799, -0.023689695, -0.019523334, -0.05376679, 0.008248897, 0.009906302, 0.029996533, -0.013579682, 0.043302942, 0.015028938, 0.020740084, -0.035199624], 
 'id': '1144e0c4-e2ea-4bea-a779-c87e8b359d40', 
 'category': '購買', 
 'AMAZON_BEDROCK_TEXT_CHUNK': '# 質問\r 発注はどこから申請しますか？ ## 要約 ERP_Xの購買申請から実施。承認は部門で異なる。 ## 回答（要点） ERP_X > 購買申請画面から…（要点のみ）'}
======Chunk content:
{'x-amz-bedrock-kb-source-uri': 's3://bedrockregionresourcessta-uswest2documentbucketf49-1gyuufashilb/c774aa48-b021-7047-8c0d-ae094d346abb/01K32YX1Z7MZTCF7CKNFMYJ5N9/documents/row_1.xlsx', 'AMAZON_BEDROCK_METADATA': '{"source":"s3://bedrockregionresourcessta-uswest2documentbucketf49-1gyuufashilb/c774aa48-b021-7047-8c0d-ae094d346abb/01K32YX1Z7MZTCF7CKNFMYJ5N9/documents/row_1.xlsx"}', 'x-amz-bedrock-kb-data-source-id': '5ALOPAP9IC', 'bedrock-knowledge-base-default-vector': [0.010455921, 0.0110652, 0.023104524, 0.01818374, 0.012813282, 0.026426844, 0.049236704, -0.090278246, -0.029226331, -0.032304764, -0.030859686, -0.0054422845, 0.015777698, -0.029938273, -0.02046347, 0.02283487, 0.004927002, 0.018940853, -0.00902029, 0.10440209, 0.01439854, 0.06458951, -0.023164507, -0.0033433787, -0.014079811, -0.0025459193, -0.051006105, 0.021831717, -0.008498395, -0.0006958271, 0.018417876, 0.06649675, 0.035120297, -0.005620167, -0.017264668, 0.039891295, -0.05123419, 0.0407558, 0.051355153, -0.042404823, 0.050821688, -0.07346637, -0.00051905046, 0.020334445, -0.01244543, -0.016207684, 0.007595897, 0.017156888, 0.035953574, -0.0033470748, -0.042229302, -0.011665597, -0.0045929975, 0.04161238, 0.018779417, 0.04628184, 0.032399908, -0.008437841, -0.03021448, -0.05986943, 0.011878505, 0.027184032, 0.023242045, 0.007723332, 0.02027907, 0.001070477, 0.02321814, -0.05104616, -0.028967733, 0.008833321, -0.00104865, 0.02401239, 0.013233839, -0.00818479, -0.034152314, 0.06877526, -0.026206875, -0.028100392, 0.01897688, -0.021784648, -0.025283828, -0.017495196, -0.014445296, -0.04700533, -0.010582317, -0.046892166, -0.0163207, -0.047715623, -0.0018670413, -0.021369612, 0.01620308, 0.018693589, 0.022967227, -0.0077166404, 0.038987245, 0.00038212346, -0.06339882, 0.06413873, 0.0024152775, -0.03134003, 0.024213651, -0.05997744, 0.0069938186, -0.013804609, -0.002999742, 0.03786082, 0.024599368, -0.013931338, 0.03370461, 0.07150379, 0.016421342, 0.0111374045, -0.0019728595, -0.0699286, 0.013498567, -0.018148048, 0.12978142, 0.030254757, 0.027543122, -0.0018161793, 0.023881478, 0.036130607, 0.0034020361, 0.035926886, -0.034246054, -0.026875153, -0.02526571, -0.011478131, 0.030028304, 0.025229132, -0.009056771, -0.022424644, -0.056789137, -0.006885975, 0.00011880527, -0.06583276, 0.02118358, 0.019259943, -0.011315894, -0.009541555, -0.031225787, 0.006281081, -0.0021392757, -0.06679154, 0.04411964, -0.02486523, 0.014466251, -0.026793903, 0.010662892, -0.033377264, -0.014929695, -0.004960885, -0.016600674, 0.025101203, 0.005530013, 0.019143496, 0.053863086, 0.018320762, 0.01508688, 0.021863556, -0.052105967, 0.0015451849, -0.011538373, -0.011283055, 0.061069995, -0.071127735, -0.024628308, 0.03568783, 0.045406457, 0.030326571, 0.008026378, 0.028021686, -0.009565529, -0.0011584527, -0.07907614, -0.060076527, -0.014785947, -0.027155407, -0.017876206, -0.02033193, -0.06434297, -0.027045194, -0.017662298, -0.043653917, 0.04735433, -0.02195279, 0.025403218, 0.020610686, 0.029984314, 0.05412279, 0.073731534, -0.010571398, -0.02525072, -0.006614942, -0.02662121, 0.021357516, -0.06335287, -0.010593608, 0.014148733, -0.04660851, -0.0035648027, -0.048289742, 0.02951067, 0.0073086713, -0.025910234, -0.02166351, 0.06137257, 0.012777024, -0.019639747, -0.01087335, 0.039903738, -0.0014149976, -0.0058169626, 0.029325467, 0.011730712, -0.008516027, -0.033727765, 0.0049211993, 0.032459375, 0.0050837346, 0.00893288, 0.028339626, -0.006785329, 0.042079017, -0.0198467, 0.009745876, -0.00092425005, -0.0048766206, -0.048651878, 0.01654187, -0.019028004, 0.030612618, 0.027169192, -0.0016056839, -0.010679193, -0.010313435, 0.013895943, -0.06691832, -0.0010437637, 0.033765696, -0.022097224, 0.015420872, 0.016893566, -0.0020553584, -0.0064308657, -0.020560304, 0.044482123, -0.059197456, 0.043210015, -0.09849852, -0.0015100272, 0.03006184, 0.010733673, -0.021047827, 0.0022492004, 0.0025926372, -0.010849086, -0.0061800196, 0.045128115, 0.050706446, 0.0028550741, -0.006031959, 0.04640485, -0.008480781, 0.02897874, -0.047922883, -0.0043353937, -0.025959402, 0.070128545, 0.028499002, -0.021995123, 0.018793063, 0.0070507852, 0.020552678, -0.0017362006, -0.00919486, -0.063362814, 0.0049496433, -0.0047937473, 0.026167048, 0.017016632, 0.09029636, -0.054694146, -0.01081876, 0.04739727, -0.0032082067, 0.018166171, -0.04084492, 0.030306647, 0.015644694, 0.011749957, -0.0063645574, 0.03242178, 0.038108993, -0.0064144153, -0.0018529394, 0.025104078, -0.011005, 0.034781758, -0.035974484, 0.029998604, 0.015319248, 0.024827044, 0.025803797, -0.0040802727, 0.005927441, -0.009440566, 0.028309569, -0.00019839745, 0.0094867535, 0.020883247, -0.055669174, -0.019666327, 0.034367993, -0.005535973, 0.005115441, -0.030544564, -0.023057343, 0.041660618, 0.02886833, 0.038204137, 0.0019271456, -0.06466405, 0.052013554, 0.009328905, 0.021853128, 0.043981533, -0.0042132935, 0.014447856, -0.00821709, 0.031370122, 0.00350176, 0.05946208, -0.017440634, -0.025590688, -0.065220125, -0.03399246, 0.05274473, 0.0361553, 0.05454364, 0.017238451, -0.008275182, 0.030194134, 0.041608274, 0.01703988, 0.029043194, 0.02141401, 0.05605422, 0.054639246, -0.0054936702, -0.0009376165, 0.003503327, 0.0065545444, -0.011773329, -0.017785503, -0.0036232176, 0.040467143, 0.030502005, 0.01973392, -0.044592578, -0.058039445, 0.030488273, 0.018787524, -0.033488467, 0.03691921, -0.015354758, 0.0031770363, -0.02081908, 0.0016210094, -0.008332877, -0.0050494154, -0.009037003, -0.031327445, 0.010199565, 0.00077616266, 0.006756005, 0.013181216, 0.015444698, -0.0055841184, 0.026426025, -0.011057415, -0.058439292, 0.008238439, -0.038148794, 0.005739732, -0.054896027, -0.013486974, 0.016094925, 0.03606052, 0.01649297, -0.018139625, -0.01007952, 0.017101908, -0.019602675, -0.040023714, -0.02924313, -0.011997296, -0.010633435, 0.021401083, 0.005222212, 0.012789888, -0.0037705142, -0.03758819, 0.022931652, 0.02052035, -0.027499853, 0.013685584, 0.038309824, 0.040828016, 0.00781385, -0.07037135, -0.030775644, 0.064471126, 0.00700647, -0.0014679439, -0.010038002, -0.039112087, -0.030343903, -0.024822546, 0.016137574, 0.02779401, 0.010820988, -0.08480138, 0.0122481715, -0.00033617538, 0.01502002, 0.03692586, 0.006151379, 0.029616386, -0.010460424, -0.015037783, -0.013522221, -0.026056098, -0.008915124, 0.004139257, -0.03439544, -0.014199546, 0.015219003, 0.03135413, 0.0026945157, 0.030913474, -0.0728524, -0.010031572, -0.027903229, 0.013348452, -0.005439186, -0.030913841, 0.049665786, 0.02483753, 0.0109876925, 0.028859502, 0.04912733, -0.051721707, 0.015154479, -0.016355619, -0.044310316, -0.026451342, 0.029558834, -0.0035283002, 0.005739548, -0.027301839, -0.031785324, 0.016221106, 0.007886466, 0.03138367, -0.02909021, 0.015214134, 0.0008998431, -0.043255303, 0.0017517724, 0.03490208, -0.0065809726, 0.012829056, -0.009491026, 0.021807894, -0.033150695, -0.005851199, -0.0052628065, -0.01674465, -0.021213802, 0.028669814, -0.012758075, -0.017092904, 0.02931195, -0.09328468, -0.011142699, -0.04090321, 0.024335518, -0.021424009, 0.034185633, -0.022580707, -0.030844128, 0.029147642, -0.007445801, 0.040535633, -0.04630226, -0.050394062, 0.058111597, 0.021630587, 0.03278898, -0.001205891, 0.00042838743, 0.013279366, 0.004609532, -0.011131404, -0.035613455, 0.07141242, 0.03492741, 0.049458336, -0.0045077237, -0.039418314, -0.016694505, 0.020184541, -0.0010616963, 0.053966757, -0.017295625, -0.005573958, -0.008896744, 0.0035574664, -0.0026825252, 0.030038506, 0.025473652, -0.020088794, -0.011887974, 0.10409944, -0.03336956, -0.03543411, 0.047938403, -0.036051787, 0.056645993, -0.018967537, -0.02552634, -0.019917348, -0.01579933, -0.013599033, -0.028689992, 0.0061548096, -0.0037035008, -0.026052276, -0.030042129, -0.00028935587, -0.0563942, -0.02047144, 0.0057138237, -0.011537346, 0.015245946, 0.010961733, -0.0010750007, -0.0055782185, -0.01569527, -0.004643389, 0.02572105, -0.027695486, -0.037313864, -0.022569155, -0.026451072, 0.006347813, 0.043685593, -0.010160482, 0.025489803, -0.009541994, -0.04161991, -0.0076629557, 0.037776075, 0.042463895, 0.000759089, 0.032918587, -0.039818384, -0.077840805, -0.041957945, -0.03389539, 0.026008174, 0.0072243814, 0.03802084, 0.0025294386, -0.02805081, 0.019278834, -0.03719935, 0.020782003, -0.06138021, -0.026961619, 0.014259029, 0.015393959, 0.0044115954, -0.03368997, 0.005626492, 0.014937208, -0.012550695, 0.016316675, -0.013649347, 0.03267418, -0.021444282, -0.02198919, -0.021169197, 0.021650253, 0.012379668, -0.016757162, 0.023473145, -0.036433853, 0.0034229541, 0.029851437, 0.06896133, -0.0349528, -0.00044243637, 0.029566867, -0.032694083, 0.017582573, 0.02154688, -0.039796717, -0.010752796, 0.01682388, -0.021800349, 0.030692143, 0.014784113, 0.040298108, 0.042964943, -0.0072973603, 0.013317919, 0.040083643, -0.04907922, 0.026195498, -0.054720957, 0.06554829, 0.0458371, 0.012417993, -0.020957662, 0.013068455, 0.015944457, -0.050460555, -0.00795653, -0.012200472, 0.02366679, 0.08148654, 0.0016393506, 0.08461039, 0.049218368, 0.03667916, 0.033106785, 0.052303735, 0.062062457, 0.04022262, -0.027829548, -0.058968507, 0.007073279, -0.029097805, 0.019658774, -0.055864513, -0.008305587, 0.0067676096, 0.014813633, -0.021409363, 0.011368608, -0.016914971, -0.0036704522, -0.036468234, -0.03334043, -0.072164774, 0.041540876, -0.0163678, -0.024159174, -0.0043430342, -0.00821071, -0.029342925, 0.001750728, 0.025534123, 0.008302423, 0.0024264676, 0.009166142, 0.007983938, -0.018596604, -0.025502997, -0.050053746, 0.014513647, -0.035971824, 0.027462656, -0.01475392, 0.01601852, -0.026233742, 0.005081737, -0.024829775, 0.038469087, -0.02301537, -0.016577952, -0.008488383, -0.011390177, -0.0075634946, 0.05521638, -0.012262111, -0.024558777, -0.019488994, -0.020150635, -0.010409649, -0.0039873393, -0.0448114, -0.026535528, 0.0070259348, -0.020236384, -0.033520423, -0.08412246, 0.0070728594, 0.009786344, -0.01739328, -0.029540854, 0.034329567, -0.055123847, 0.031183276, -0.010934441, 0.025134468, -0.009956205, 0.047456656, -0.0374247, -0.011281569, 0.032882735, 0.0046363613, 0.0004784059, -0.009145864, -0.03387131, -0.0028987937, -0.013243862, 0.0017873952, -0.02217821, -0.026506566, 0.024837911, 0.035322998, 0.056502, 0.014322315, -5.229456e-05, -0.009794387, -0.06770563, 0.020292617, 0.03176781, 0.01748418, 0.00182899, -0.034460437, 0.01246377, -0.024218865, 0.038652785, -0.021992223, -0.029535023, 0.018325958, -0.019302817, -0.03292694, -0.010379047, 0.06702399, -0.024305709, -0.010864518, 0.04757168, 0.039663874, -0.03351488, 0.019892283, -0.051993858, -0.0038017668, 0.012867119, -0.002416971, 0.025363332, 0.0042720186, 0.02564497, 0.009509042, 0.019203998, 0.025265392, -0.0148344375, -0.0064214533, 0.005733772, -0.015009045, 0.005887168, 0.009554935, 0.009336682, 0.025018213, 0.055069365, -0.0063750236, -0.0423085, 0.02869258, 0.04274913, -0.0044416315, -0.042454626, 0.01006656, 0.04234785, 0.037563555, 0.03940935, 0.03938947, -0.006948241, -0.009314352, 0.0022746136, -0.02823493, -0.045123048, 0.025445063, 0.0023877232, -0.104704924, 0.030236011, -0.019236015, -0.044275537, -0.017780615, -0.0031767646, -0.05892952, 0.028334044, -0.013997102, -0.020262895, 0.05022987, 0.03901977, 0.0486164, 0.009873333, -0.06726284, 0.00085801986, -0.029112024, 0.0054458748, -0.01692415, -0.0011112444, 0.021519788, -0.0026101086, -0.016358867, -0.02099237, -0.011461597, -0.045506004, -0.02855455, 0.08499453, 0.0022600836, -0.039960112, -0.009276542, 0.013830559, -0.040896956, 0.028935272, 0.015185025, 0.0005709604, 0.09945134, 0.055242468, 0.01737285, -0.0036861661, 0.026351606, 0.06671656, 0.012337949, -0.013525857, -0.018081086, -0.027945217, -0.026185, 0.029775508, -0.0013152002, -0.033784594, -0.0052908035, -0.047545556, -0.048768554, 0.0036217899, 0.033600356, -0.044518523, 0.004026308, 0.037191078, 0.034048438, -0.00045552859, -0.0032530576, -0.03105479, 0.012932014, -0.014584754, 0.032329973, -0.015832681, 0.01695498, 0.025786303, 0.005303238, 0.003943097, -0.07954973, -0.053768884, 0.014181875, -0.043963324, 0.002017003, 0.0011770291, 0.062980235, -0.007901339, 0.03405982, -0.004028151, -0.014499274, 0.016330596, -0.0018894873, -0.026290385, -0.017522167, 0.03661485, -0.02921138, 0.006541737, 0.0041949116, -0.0024178445, 0.056003228, 0.04441369, 0.0035228867, 0.040293653, -0.04284022, 0.0033415854, -0.04185684, -0.007479169, 0.015541643, -0.018916946, -0.015212139, 0.06822461, 0.014821195, 0.0005851898, 0.037269875, 0.03690593, 0.03404321, -0.05352371, -0.0079884585, -0.04954592, -0.0034526365, 0.01604088, -0.033814058, 0.0012981917, 0.027551781, 0.03867744, -0.014927748, 0.023770973, -0.015993947, 0.017995957, 0.01859191, -0.020506272, -0.0062067364, -0.02831648, -0.00529083, 0.034892585, 0.0023927575, 0.05163574, 0.013520361, 0.031423893, 0.002245642, 0.002573591, -0.063581035, 5.621356e-05, -0.002401652, 0.027593147, -0.008362968, 0.03372556, 0.029022254, -0.037026554, 0.011495742, 0.0026228349, -0.020675326, -0.018226104, 0.021169152, -0.023575414, 0.009826235, -0.031123685, 0.018874455, 0.016740082, 0.04426619, -0.012721037, 0.009064384, 0.0070228586, 0.007420225, 0.013094675, -0.029489111, -0.0468504, -0.01131812, 0.008472667, -0.011413846, 0.006796864, 0.08334802, -0.0034290517, -0.034923315, 0.01475096, -0.01696848, -0.02047885, 0.013652341, -0.031579636, 0.01972833, -0.0073346104, 0.009578921, 0.00019889972, 0.041500024, 0.06409498, 0.017561546, -0.042360704, -0.010069673, 0.00809205, -0.04311299, -0.0059245178, -0.01636038, -0.0023506838, 0.04631708, 0.037655283, -0.06366692, 0.009251281, -0.0012894633, 0.0039293873, 0.02293269, -0.05370778, -0.009103399, 0.024137158, 0.053475693, -0.010321712, 0.021885194, -0.022070434, 0.0003362238, -0.027031664, 0.0021713437, -0.046428032, 0.0041434816, -0.0418822, 0.014063824, -0.009734818, 0.011096782, -0.016160604, -0.040973596, 0.0032322367, -0.00091175357, -0.039022956, 0.03106635, 0.025066545, -0.028206645, -0.0029408287, -0.006912262, 0.035042174, 0.014545911, 0.0052851574, -0.014239532, -0.033351585, -0.0012843267, -0.033056185, -0.01839499, 0.0092895515, 0.02445771, 0.009165009, 0.040726345, -0.029702002, -0.004185073, -0.032736458, 0.018384034, 0.011270818, -0.025857076, 0.019898053, -0.07260566], 'id': '0f18f5c3-9243-438b-b493-493584b361a1', 'AMAZON_BEDROCK_TEXT_CHUNK': 'Sheet1  \t\t質問\t\t回答  \t\tレンタル単価契約の期間を変更したい\t\t■Ａｒｉｂａに登録がない案件（旧購買案件） 新規うちなおし→「はい」で作成する。 購入申請番号が新たに付与される。注文受付番号は旧の番号を入れて連携される。■Ａｒｉｂａに登録されている案件（新購買案件） 契約期間開始日は変更せず、契約期間終了日を変更する。'}